ZADANIE 7: Splot sygnałów 2D
======================================================================

CZĘŚĆ (a): Sploty

Sygnał f:
<_io.TextIOWrapper name='/home/mryduchowski1/obrazy repo/zestaw4/zad7/zadanie7_results.txt' mode='w' encoding='utf-8'>

f * h1:
[[   0.    0.    0.    0.    0.    0.    0.]
 [   0.    0. -255. -255. -255.    0.    0.]
 [   0.    0.    0.    0.    0.    0.    0.]
 [   0.    0.    0.    0.    0.    0.    0.]
 [   0.    0.  255.  255.  255.    0.    0.]
 [   0.    0.    0.    0.    0.    0.    0.]
 [   0.    0.    0.    0.    0.    0.    0.]]

f * h2:
[[   0.    0.    0.    0.    0.    0.    0.]
 [   0.    0.    0.    0.    0.    0.    0.]
 [   0.    0. -255. -255. -255.    0.    0.]
 [   0.    0.    0.    0.    0.    0.    0.]
 [   0.    0.    0.    0.    0.    0.    0.]
 [   0.    0.  255.  255.  255.    0.    0.]
 [   0.    0.    0.    0.    0.    0.    0.]]

CZĘŚĆ (b): Analiza 8-bit vs 32-bit
Zbiory wartości:
  f * h1: min=-255, max=255
  f * h2: min=-255, max=255
